
     Program PWSCF v.7.3.1 starts on 16Sep2024 at 11:10:18 

     This program is part of the open-source Quantum ESPRESSO suite
     for quantum simulation of materials; please cite
         "P. Giannozzi et al., J. Phys.:Condens. Matter 21 395502 (2009);
         "P. Giannozzi et al., J. Phys.:Condens. Matter 29 465901 (2017);
         "P. Giannozzi et al., J. Chem. Phys. 152 154105 (2020);
          URL http://www.quantum-espresso.org", 
     in publications or presentations arising from this work. More details at
     http://www.quantum-espresso.org/quote

     Parallel version (MPI), running on     1 processors

     MPI processes distributed on     1 nodes
     258 MiB available memory on the printing compute node when the environment starts

     Waiting for input...
     Reading input from standard input

     Current dimensions of program PWSCF are:
     Max number of different atomic species (ntypx) = 10
     Max number of k-points (npk) =  40000
     Max angular momentum in pseudopotentials (lmaxx) =  4
     Message from routine volume:
     axis vectors are left-handed

     Subspace diagonalization in iterative solution of the eigenvalue problem:
     a serial algorithm will be used


     G-vector sticks info
     --------------------
     sticks:   dense  smooth     PW     G-vecs:    dense   smooth      PW
     Sum        1061     539    171                17255     6111    1141

     Using Slab Decomposition



     bravais-lattice index     =            0
     lattice parameter (alat)  =       8.1900  a.u.
     unit-cell volume          =     274.6766 (a.u.)^3
     number of atoms/cell      =            4
     number of atomic types    =            3
     number of electrons       =        44.00
     number of Kohn-Sham states=           26
     kinetic-energy cutoff     =      30.0000  Ry
     charge density cutoff     =     240.0000  Ry
     scf convergence threshold =      4.0E-10
     mixing beta               =       0.4000
     number of iterations used =            8  plain     mixing
     Exchange-correlation= SLA  PW   NOGX NOGC
                           (   1   4   0   0   0   0   0)
     Hubbard projectors: atomic
     Hubbard parameters of DFT+U (Dudarev formulation) in eV:
     U(Fe1-3d) =  0.0000
     U(Fe2-3d) =  0.0000

     Internal variables: lda_plus_u =T, lda_plus_u_kind = 0

     celldm(1)=   8.190000  celldm(2)=   0.000000  celldm(3)=   0.000000
     celldm(4)=   0.000000  celldm(5)=   0.000000  celldm(6)=   0.000000

     crystal axes: (cart. coord. in units of alat)
               a(1) = (   0.500000   0.500000   1.000000 )  
               a(2) = (   0.500000   1.000000   0.500000 )  
               a(3) = (   1.000000   0.500000   0.500000 )  

     reciprocal axes: (cart. coord. in units 2 pi/alat)
               b(1) = ( -0.500000 -0.500000  1.500000 )  
               b(2) = ( -0.500000  1.500000 -0.500000 )  
               b(3) = (  1.500000 -0.500000 -0.500000 )  


     PseudoPot. # 1 for Fe read from file:
     ./pseudo/Fe.upf
     MD5 check sum: b1fb9d3cb1d156aba92c681262384fac
     Pseudo is Norm-conserving + core correction, Zval = 16.0
     Generated using ONCVPSP code by D. R. Hamann
     Using radial grid of 1408 points,  6 beta functions with: 
                l(1) =   0
                l(2) =   0
                l(3) =   1
                l(4) =   1
                l(5) =   2
                l(6) =   2

     PseudoPot. # 2 for Fe read from file:
     ./pseudo/Fe.upf
     MD5 check sum: b1fb9d3cb1d156aba92c681262384fac
     Pseudo is Norm-conserving + core correction, Zval = 16.0
     Generated using ONCVPSP code by D. R. Hamann
     Using radial grid of 1408 points,  6 beta functions with: 
                l(1) =   0
                l(2) =   0
                l(3) =   1
                l(4) =   1
                l(5) =   2
                l(6) =   2

     PseudoPot. # 3 for O  read from file:
     ./pseudo/O.upf
     MD5 check sum: 86ed389b6a5065e60c3f64c68a612de9
     Pseudo is Norm-conserving + core correction, Zval =  6.0
     Generated using ONCVPSP code by D. R. Hamann
     Using radial grid of  926 points,  5 beta functions with: 
                l(1) =   0
                l(2) =   0
                l(3) =   1
                l(4) =   1
                l(5) =   2

     atomic species   valence    mass     pseudopotential
     Fe1              16.00     1.00000     Fe( 1.00)
     Fe2              16.00     1.00000     Fe( 1.00)
     O                 6.00     1.00000     O ( 1.00)

     Starting magnetic structure 
     atomic species   magnetization
     Fe1             0.670
     Fe2            -0.670
     O               0.000

     No symmetry found


                                    s                        frac. trans.

      isym =  1     identity                                     

 cryst.   s( 1) = (     1          0          0      )
                  (     0          1          0      )
                  (     0          0          1      )

 cart.    s( 1) = (  1.0000000  0.0000000  0.0000000 )
                  (  0.0000000  1.0000000  0.0000000 )
                  (  0.0000000  0.0000000  1.0000000 )


   Cartesian axes

     site n.     atom                  positions (alat units)
         1        Fe1    tau(   1) = (   0.0000000   0.0000000   0.0000000  )
         2        Fe2    tau(   2) = (   1.0000000   1.0000000   1.0000000  )
         3        O      tau(   3) = (   0.5000000   0.5000000   0.5000000  )
         4        O      tau(   4) = (   1.5000000   1.5000000   1.5000000  )

   Crystallographic axes

     site n.     atom                  positions (cryst. coord.)
         1        Fe1    tau(   1) = (  0.0000000  0.0000000  0.0000000  )
         2        Fe2    tau(   2) = (  0.5000000  0.5000000  0.5000000  )
         3        O      tau(   3) = (  0.2500000  0.2500000  0.2500000  )
         4        O      tau(   4) = (  0.7500000  0.7500000  0.7500000  )

     number of k points=    27  Gaussian smearing, width (Ry)=  0.0100
                       cart. coord. in units 2pi/alat
        k(    1) = (   0.0000000   0.0000000   0.0000000), wk =   0.0370370
        k(    2) = (   0.5000000  -0.1666667  -0.1666667), wk =   0.0370370
        k(    3) = (  -0.5000000   0.1666667   0.1666667), wk =   0.0370370
        k(    4) = (  -0.1666667   0.5000000  -0.1666667), wk =   0.0370370
        k(    5) = (   0.3333333   0.3333333  -0.3333333), wk =   0.0370370
        k(    6) = (  -0.6666667   0.6666667   0.0000000), wk =   0.0370370
        k(    7) = (   0.1666667  -0.5000000   0.1666667), wk =   0.0370370
        k(    8) = (   0.6666667  -0.6666667   0.0000000), wk =   0.0370370
        k(    9) = (  -0.3333333  -0.3333333   0.3333333), wk =   0.0370370
        k(   10) = (  -0.1666667  -0.1666667   0.5000000), wk =   0.0370370
        k(   11) = (   0.3333333  -0.3333333   0.3333333), wk =   0.0370370
        k(   12) = (  -0.6666667   0.0000000   0.6666667), wk =   0.0370370
        k(   13) = (  -0.3333333   0.3333333   0.3333333), wk =   0.0370370
        k(   14) = (   0.1666667   0.1666667   0.1666667), wk =   0.0370370
        k(   15) = (  -0.8333333   0.5000000   0.5000000), wk =   0.0370370
        k(   16) = (   0.0000000  -0.6666667   0.6666667), wk =   0.0370370
        k(   17) = (   0.5000000  -0.8333333   0.5000000), wk =   0.0370370
        k(   18) = (  -0.5000000  -0.5000000   0.8333333), wk =   0.0370370
        k(   19) = (   0.1666667   0.1666667  -0.5000000), wk =   0.0370370
        k(   20) = (   0.6666667   0.0000000  -0.6666667), wk =   0.0370370
        k(   21) = (  -0.3333333   0.3333333  -0.3333333), wk =   0.0370370
        k(   22) = (   0.0000000   0.6666667  -0.6666667), wk =   0.0370370
        k(   23) = (   0.5000000   0.5000000  -0.8333333), wk =   0.0370370
        k(   24) = (  -0.5000000   0.8333333  -0.5000000), wk =   0.0370370
        k(   25) = (   0.3333333  -0.3333333  -0.3333333), wk =   0.0370370
        k(   26) = (   0.8333333  -0.5000000  -0.5000000), wk =   0.0370370
        k(   27) = (  -0.1666667  -0.1666667  -0.1666667), wk =   0.0370370

                       cryst. coord.
        k(    1) = (   0.0000000   0.0000000   0.0000000), wk =   0.0370370
        k(    2) = (   0.0000000   0.0000000   0.3333333), wk =   0.0370370
        k(    3) = (   0.0000000   0.0000000  -0.3333333), wk =   0.0370370
        k(    4) = (   0.0000000   0.3333333   0.0000000), wk =   0.0370370
        k(    5) = (   0.0000000   0.3333333   0.3333333), wk =   0.0370370
        k(    6) = (   0.0000000   0.3333333  -0.3333333), wk =   0.0370370
        k(    7) = (   0.0000000  -0.3333333   0.0000000), wk =   0.0370370
        k(    8) = (   0.0000000  -0.3333333   0.3333333), wk =   0.0370370
        k(    9) = (   0.0000000  -0.3333333  -0.3333333), wk =   0.0370370
        k(   10) = (   0.3333333   0.0000000   0.0000000), wk =   0.0370370
        k(   11) = (   0.3333333   0.0000000   0.3333333), wk =   0.0370370
        k(   12) = (   0.3333333   0.0000000  -0.3333333), wk =   0.0370370
        k(   13) = (   0.3333333   0.3333333   0.0000000), wk =   0.0370370
        k(   14) = (   0.3333333   0.3333333   0.3333333), wk =   0.0370370
        k(   15) = (   0.3333333   0.3333333  -0.3333333), wk =   0.0370370
        k(   16) = (   0.3333333  -0.3333333   0.0000000), wk =   0.0370370
        k(   17) = (   0.3333333  -0.3333333   0.3333333), wk =   0.0370370
        k(   18) = (   0.3333333  -0.3333333  -0.3333333), wk =   0.0370370
        k(   19) = (  -0.3333333   0.0000000   0.0000000), wk =   0.0370370
        k(   20) = (  -0.3333333   0.0000000   0.3333333), wk =   0.0370370
        k(   21) = (  -0.3333333   0.0000000  -0.3333333), wk =   0.0370370
        k(   22) = (  -0.3333333   0.3333333   0.0000000), wk =   0.0370370
        k(   23) = (  -0.3333333   0.3333333   0.3333333), wk =   0.0370370
        k(   24) = (  -0.3333333   0.3333333  -0.3333333), wk =   0.0370370
        k(   25) = (  -0.3333333  -0.3333333   0.0000000), wk =   0.0370370
        k(   26) = (  -0.3333333  -0.3333333   0.3333333), wk =   0.0370370
        k(   27) = (  -0.3333333  -0.3333333  -0.3333333), wk =   0.0370370

     Dense  grid:    17255 G-vectors     FFT dimensions: (  50,  50,  50)

     Smooth grid:     6111 G-vectors     FFT dimensions: (  36,  36,  36)

     Dynamical RAM for                 wfc:       0.30 MB

     Dynamical RAM for     wfc (w. buffer):      16.63 MB

     Dynamical RAM for             U proj.:       0.12 MB

     Dynamical RAM for  U proj. (w. buff.):       6.39 MB

     Dynamical RAM for           str. fact:       0.79 MB

     Dynamical RAM for           local pot:       0.00 MB

     Dynamical RAM for          nlocal pot:       0.72 MB

     Dynamical RAM for                qrad:       3.73 MB

     Dynamical RAM for          rho,v,vnew:       7.30 MB

     Dynamical RAM for               rhoin:       2.43 MB

     Dynamical RAM for            rho*nmix:       8.43 MB

     Dynamical RAM for           G-vectors:       1.03 MB

     Dynamical RAM for          h,s,v(r/c):       0.12 MB

     Dynamical RAM for          <psi|beta>:       0.02 MB

     Dynamical RAM for                 psi:       0.60 MB

     Dynamical RAM for                hpsi:       0.60 MB

     Dynamical RAM for      wfcinit/wfcrot:       0.67 MB

     Estimated static dynamical RAM per process >      45.81 MB

     Estimated max dynamical RAM per process >      55.59 MB

     Check: negative core charge=   -0.000037
     Generating pointlists ...
     new r_m :   0.2063 (alat units)  1.6892 (a.u.) for type    1
     new r_m :   0.2063 (alat units)  1.6892 (a.u.) for type    2
     new r_m :   0.2063 (alat units)  1.6892 (a.u.) for type    3

     Initial potential from superposition of free atoms

     starting charge      43.9994, renormalised to      44.0000

     HUBBARD ENERGY =    0.0000  (Ry)

     STARTING HUBBARD OCCUPATIONS:

     =================== HUBBARD OCCUPATIONS ===================
     ------------------------ ATOM    1 ------------------------
     Tr[ns(  1)] (up, down, total) =   5.00000  1.00000  6.00000
     Atomic magnetic moment for atom   1 =   4.00000
     SPIN  1
     eigenvalues:
       1.000  1.000  1.000  1.000  1.000
     eigenvectors (columns):
       1.000  0.000  0.000  0.000  0.000
       0.000  1.000  0.000  0.000  0.000
       0.000  0.000  1.000  0.000  0.000
       0.000  0.000  0.000  1.000  0.000
       0.000  0.000  0.000  0.000  1.000
     occupation matrix ns (before diag.):
       1.000  0.000  0.000  0.000  0.000
       0.000  1.000  0.000  0.000  0.000
       0.000  0.000  1.000  0.000  0.000
       0.000  0.000  0.000  1.000  0.000
       0.000  0.000  0.000  0.000  1.000
     SPIN  2
     eigenvalues:
       0.200  0.200  0.200  0.200  0.200
     eigenvectors (columns):
       1.000  0.000  0.000  0.000  0.000
       0.000  1.000  0.000  0.000  0.000
       0.000  0.000  1.000  0.000  0.000
       0.000  0.000  0.000  1.000  0.000
       0.000  0.000  0.000  0.000  1.000
     occupation matrix ns (before diag.):
       0.200  0.000  0.000  0.000  0.000
       0.000  0.200  0.000  0.000  0.000
       0.000  0.000  0.200  0.000  0.000
       0.000  0.000  0.000  0.200  0.000
       0.000  0.000  0.000  0.000  0.200
     ------------------------ ATOM    2 ------------------------
     Tr[ns(  2)] (up, down, total) =   1.00000  5.00000  6.00000
     Atomic magnetic moment for atom   2 =  -4.00000
     SPIN  1
     eigenvalues:
       0.200  0.200  0.200  0.200  0.200
     eigenvectors (columns):
       1.000  0.000  0.000  0.000  0.000
       0.000  1.000  0.000  0.000  0.000
       0.000  0.000  1.000  0.000  0.000
       0.000  0.000  0.000  1.000  0.000
       0.000  0.000  0.000  0.000  1.000
     occupation matrix ns (before diag.):
       0.200  0.000  0.000  0.000  0.000
       0.000  0.200  0.000  0.000  0.000
       0.000  0.000  0.200  0.000  0.000
       0.000  0.000  0.000  0.200  0.000
       0.000  0.000  0.000  0.000  0.200
     SPIN  2
     eigenvalues:
       1.000  1.000  1.000  1.000  1.000
     eigenvectors (columns):
       1.000  0.000  0.000  0.000  0.000
       0.000  1.000  0.000  0.000  0.000
       0.000  0.000  1.000  0.000  0.000
       0.000  0.000  0.000  1.000  0.000
       0.000  0.000  0.000  0.000  1.000
     occupation matrix ns (before diag.):
       1.000  0.000  0.000  0.000  0.000
       0.000  1.000  0.000  0.000  0.000
       0.000  0.000  1.000  0.000  0.000
       0.000  0.000  0.000  1.000  0.000
       0.000  0.000  0.000  0.000  1.000

     Number of occupied Hubbard levels =   12.0000

     Atomic wfc used for Hubbard projectors are NOT orthogonalized

     Starting wfcs are   28 randomized atomic wfcs

     total cpu time spent up to now is        1.6 secs

     Self-consistent Calculation

     iteration #  1     ecut=    30.00 Ry     beta= 0.40
     Davidson diagonalization with overlap

---- Real-time Memory Report at c_bands before calling an iterative solver
            74 MiB given to the printing process from OS
             0 MiB allocation reported by mallinfo(arena+hblkhd)
           200 MiB available memory on the node where the printing process lives
------------------
     ethr =  1.00E-02,  avg # of iterations =  4.2

     =================== HUBBARD OCCUPATIONS ===================
     ------------------------ ATOM    1 ------------------------
     Tr[ns(  1)] (up, down, total) =   4.23827  0.53274  4.77102
     Atomic magnetic moment for atom   1 =   3.70553
     SPIN  1
     eigenvalues:
       0.825  0.841  0.841  0.865  0.865
     eigenvectors (columns):
      -0.000 -0.103 -0.423 -0.195 -0.879
       0.578  0.532 -0.510 -0.257  0.240
       0.577 -0.711 -0.203  0.331  0.107
       0.002  0.413 -0.104  0.884 -0.194
      -0.578 -0.177 -0.713  0.076  0.347
     occupation matrix ns (before diag.):
       0.861 -0.004 -0.004  0.000 -0.008
      -0.004  0.839 -0.007 -0.007  0.007
      -0.004 -0.007  0.839  0.006  0.007
       0.000 -0.007  0.006  0.861  0.000
      -0.008  0.007  0.007  0.000  0.839
     SPIN  2
     eigenvalues:
       0.091  0.097  0.098  0.123  0.124
     eigenvectors (columns):
       0.012 -0.294 -0.150 -0.030  0.943
      -0.588 -0.662  0.380 -0.227 -0.145
      -0.542 -0.031 -0.796  0.239 -0.122
      -0.009 -0.155  0.292  0.943  0.028
       0.601 -0.671 -0.339  0.008 -0.271
     occupation matrix ns (before diag.):
       0.121 -0.003 -0.003 -0.000 -0.007
      -0.003  0.097 -0.003 -0.006  0.003
      -0.003 -0.003  0.098  0.006  0.003
      -0.000 -0.006  0.006  0.121 -0.000
      -0.007  0.003  0.003 -0.000  0.097
     ------------------------ ATOM    2 ------------------------
     Tr[ns(  2)] (up, down, total) =   0.53231  4.23939  4.77170
     Atomic magnetic moment for atom   2 =  -3.70707
     SPIN  1
     eigenvalues:
       0.091  0.097  0.097  0.123  0.124
     eigenvectors (columns):
       0.013 -0.301 -0.151 -0.126  0.933
      -0.564 -0.660  0.416 -0.214 -0.167
      -0.570 -0.056 -0.774  0.249 -0.102
       0.004 -0.153  0.293  0.936  0.125
       0.597 -0.669 -0.345  0.032 -0.275
     occupation matrix ns (before diag.):
       0.121 -0.003 -0.003 -0.000 -0.007
      -0.003  0.097 -0.003 -0.006  0.003
      -0.003 -0.003  0.097  0.006  0.003
      -0.000 -0.006  0.006  0.121 -0.000
      -0.007  0.003  0.003 -0.000  0.097
     SPIN  2
     eigenvalues:
       0.826  0.841  0.842  0.866  0.866
     eigenvectors (columns):
       0.004 -0.321 -0.269  0.194  0.887
      -0.573 -0.700  0.242 -0.335 -0.104
      -0.578  0.133 -0.730  0.253 -0.227
      -0.001 -0.282  0.318  0.883 -0.199
       0.581 -0.557 -0.485 -0.078 -0.333
     occupation matrix ns (before diag.):
       0.861 -0.004 -0.004 -0.000 -0.008
      -0.004  0.839 -0.007 -0.007  0.007
      -0.004 -0.007  0.839  0.006  0.007
      -0.000 -0.007  0.006  0.861 -0.000
      -0.008  0.007  0.007 -0.000  0.839

     Number of occupied Hubbard levels =    9.5427

     HUBBARD ENERGY =    0.0000  (Ry)

     total cpu time spent up to now is        4.4 secs

     total energy              =    -549.63014578 Ry
     estimated scf accuracy    <      12.59660184 Ry

     total magnetization       =    -0.00 Bohr mag/cell
     absolute magnetization    =     8.73 Bohr mag/cell

     iteration #  2     ecut=    30.00 Ry     beta= 0.40
     Davidson diagonalization with overlap

---- Real-time Memory Report at c_bands before calling an iterative solver
            81 MiB given to the printing process from OS
             0 MiB allocation reported by mallinfo(arena+hblkhd)
           190 MiB available memory on the node where the printing process lives
------------------
     ethr =  1.00E-02,  avg # of iterations =  3.4

     =================== HUBBARD OCCUPATIONS ===================
     ------------------------ ATOM    1 ------------------------
     Tr[ns(  1)] (up, down, total) =   4.68776  1.53636  6.22411
     Atomic magnetic moment for atom   1 =   3.15140
     SPIN  1
     eigenvalues:
       0.935  0.936  0.939  0.939  0.939
     eigenvectors (columns):
       0.921  0.360  0.026  0.150  0.008
      -0.018 -0.104  0.782  0.257 -0.558
      -0.098  0.074 -0.586  0.559 -0.574
      -0.358  0.924  0.131 -0.042  0.005
      -0.121 -0.038  0.166  0.773  0.599
     occupation matrix ns (before diag.):
       0.936  0.000  0.000  0.000  0.000
       0.000  0.939  0.000  0.000 -0.000
       0.000  0.000  0.939 -0.000 -0.000
       0.000  0.000 -0.000  0.936 -0.000
       0.000 -0.000 -0.000 -0.000  0.939
     SPIN  2
     eigenvalues:
       0.183  0.187  0.374  0.392  0.400
     eigenvectors (columns):
       0.123 -0.978  0.130  0.105  0.024
      -0.113 -0.089  0.132 -0.926  0.323
       0.115 -0.049 -0.706  0.129  0.685
      -0.979 -0.121 -0.093  0.130  0.036
       0.016 -0.138 -0.678 -0.312 -0.651
     occupation matrix ns (before diag.):
       0.192 -0.015 -0.011  0.001 -0.027
      -0.015  0.389  0.005 -0.025 -0.002
      -0.011  0.005  0.384  0.021 -0.014
       0.001 -0.025  0.021  0.188 -0.001
      -0.027 -0.002 -0.014 -0.001  0.384
     ------------------------ ATOM    2 ------------------------
     Tr[ns(  2)] (up, down, total) =   1.53375  4.68876  6.22251
     Atomic magnetic moment for atom   2 =  -3.15501
     SPIN  1
     eigenvalues:
       0.193  0.194  0.377  0.381  0.388
     eigenvectors (columns):
      -0.344 -0.921 -0.032 -0.176  0.026
      -0.147 -0.029  0.816  0.353  0.433
       0.089 -0.110 -0.549  0.587  0.578
      -0.922  0.345 -0.174  0.029  0.014
      -0.049 -0.137  0.047  0.706 -0.691
     occupation matrix ns (before diag.):
       0.200 -0.014 -0.013 -0.000 -0.027
      -0.014  0.375  0.006 -0.023 -0.004
      -0.013  0.006  0.378  0.022 -0.005
      -0.000 -0.023  0.022  0.199  0.000
      -0.027 -0.004 -0.005  0.000  0.381
     SPIN  2
     eigenvalues:
       0.936  0.936  0.939  0.939  0.939
     eigenvectors (columns):
      -0.988  0.088  0.080  0.098  0.006
       0.069  0.095 -0.192  0.801 -0.555
       0.031 -0.082  0.777 -0.212 -0.586
      -0.084 -0.988 -0.078  0.102 -0.007
       0.105 -0.004  0.588  0.542  0.591
     occupation matrix ns (before diag.):
       0.936  0.000  0.000 -0.000  0.000
       0.000  0.939  0.000  0.000 -0.000
       0.000  0.000  0.939 -0.000 -0.000
      -0.000  0.000 -0.000  0.936  0.000
       0.000 -0.000 -0.000  0.000  0.939

     Number of occupied Hubbard levels =   12.4466

     HUBBARD ENERGY =    0.0000  (Ry)

     total cpu time spent up to now is        7.2 secs

     total energy              =    -551.49051768 Ry
     estimated scf accuracy    <       2.59803335 Ry

     total magnetization       =    -0.02 Bohr mag/cell
     absolute magnetization    =     7.42 Bohr mag/cell

     iteration #  3     ecut=    30.00 Ry     beta= 0.40
     Davidson diagonalization with overlap

---- Real-time Memory Report at c_bands before calling an iterative solver
            81 MiB given to the printing process from OS
             0 MiB allocation reported by mallinfo(arena+hblkhd)
           190 MiB available memory on the node where the printing process lives
------------------
     ethr =  5.90E-03,  avg # of iterations =  2.0

     =================== HUBBARD OCCUPATIONS ===================
     ------------------------ ATOM    1 ------------------------
     Tr[ns(  1)] (up, down, total) =   4.67760  1.32783  6.00543
     Atomic magnetic moment for atom   1 =   3.34976
     SPIN  1
     eigenvalues:
       0.934  0.934  0.936  0.937  0.937
     eigenvectors (columns):
      -0.943 -0.316 -0.043 -0.098 -0.016
       0.014  0.084 -0.802  0.042 -0.590
       0.067 -0.053  0.463 -0.568 -0.675
       0.315 -0.943 -0.092  0.050  0.001
       0.086  0.022 -0.364 -0.815  0.443
     occupation matrix ns (before diag.):
       0.934  0.000  0.000  0.000  0.000
       0.000  0.936  0.000  0.000 -0.000
       0.000  0.000  0.937 -0.000 -0.000
       0.000  0.000 -0.000  0.934 -0.000
       0.000 -0.000 -0.000 -0.000  0.937
     SPIN  2
     eigenvalues:
       0.186  0.188  0.316  0.318  0.320
     eigenvectors (columns):
      -0.961 -0.187  0.012 -0.182 -0.095
      -0.058 -0.156  0.292  0.770 -0.541
      -0.107  0.129  0.754  0.163  0.613
       0.189 -0.960  0.075 -0.092  0.167
      -0.163 -0.039 -0.583  0.582  0.542
     occupation matrix ns (before diag.):
       0.192 -0.011 -0.010  0.001 -0.022
      -0.011  0.315  0.001 -0.018 -0.002
      -0.010  0.001  0.314  0.019 -0.000
       0.001 -0.018  0.019  0.194 -0.001
      -0.022 -0.002 -0.000 -0.001  0.314
     ------------------------ ATOM    2 ------------------------
     Tr[ns(  2)] (up, down, total) =   1.32143  4.67848  5.99991
     Atomic magnetic moment for atom   2 =  -3.35705
     SPIN  1
     eigenvalues:
       0.185  0.185  0.314  0.318  0.319
     eigenvectors (columns):
      -0.678 -0.707 -0.011 -0.145  0.139
      -0.157  0.037  0.584 -0.223 -0.764
       0.044 -0.149  0.629  0.718  0.256
      -0.708  0.679  0.004  0.129  0.144
      -0.116 -0.119 -0.513  0.631 -0.558
     occupation matrix ns (before diag.):
       0.191 -0.011 -0.010  0.000 -0.022
      -0.011  0.314  0.000 -0.018 -0.001
      -0.010  0.000  0.313  0.018 -0.001
       0.000 -0.018  0.018  0.190 -0.000
      -0.022 -0.001 -0.001 -0.000  0.314
     SPIN  2
     eigenvalues:
       0.934  0.935  0.937  0.937  0.937
     eigenvectors (columns):
       0.984  0.147 -0.065 -0.081 -0.002
      -0.052  0.066  0.222 -0.709  0.664
      -0.022 -0.057 -0.796  0.257  0.545
       0.145 -0.985  0.059 -0.066  0.019
      -0.089 -0.013 -0.557 -0.648 -0.512
     occupation matrix ns (before diag.):
       0.934  0.000  0.000 -0.000  0.000
       0.000  0.937  0.000  0.000 -0.000
       0.000  0.000  0.937 -0.000 -0.000
      -0.000  0.000 -0.000  0.935  0.000
       0.000 -0.000 -0.000  0.000  0.937

     Number of occupied Hubbard levels =   12.0053

     HUBBARD ENERGY =    0.0000  (Ry)

     total cpu time spent up to now is        9.3 secs

     total energy              =    -551.85571069 Ry
     estimated scf accuracy    <       0.68097813 Ry

     total magnetization       =    -0.00 Bohr mag/cell
     absolute magnetization    =     7.69 Bohr mag/cell

     iteration #  4     ecut=    30.00 Ry     beta= 0.40
     Davidson diagonalization with overlap

---- Real-time Memory Report at c_bands before calling an iterative solver
            82 MiB given to the printing process from OS
             0 MiB allocation reported by mallinfo(arena+hblkhd)
           194 MiB available memory on the node where the printing process lives
------------------
     ethr =  1.55E-03,  avg # of iterations =  4.5

     =================== HUBBARD OCCUPATIONS ===================
     ------------------------ ATOM    1 ------------------------
     Tr[ns(  1)] (up, down, total) =   4.65843  1.47586  6.13429
     Atomic magnetic moment for atom   1 =   3.18258
     SPIN  1
     eigenvalues:
       0.928  0.928  0.933  0.935  0.935
     eigenvectors (columns):
      -0.946 -0.301 -0.004 -0.029  0.117
       0.018  0.088  0.580 -0.785  0.197
       0.072 -0.061  0.573  0.565  0.586
       0.300 -0.947  0.003 -0.106 -0.035
       0.098  0.026 -0.579 -0.227  0.777
     occupation matrix ns (before diag.):
       0.928  0.000  0.000  0.000  0.001
       0.000  0.934 -0.001  0.001  0.001
       0.000 -0.001  0.934 -0.001  0.001
       0.000  0.001 -0.001  0.928 -0.000
       0.001  0.001  0.001 -0.000  0.934
     SPIN  2
     eigenvalues:
       0.218  0.220  0.339  0.349  0.350
     eigenvectors (columns):
       0.665  0.674  0.005  0.278 -0.161
      -0.066  0.251  0.556 -0.004  0.789
       0.251 -0.067  0.589 -0.666 -0.376
      -0.677  0.664  0.013 -0.154 -0.277
       0.181  0.191 -0.586 -0.675  0.364
     occupation matrix ns (before diag.):
       0.232 -0.016 -0.016  0.001 -0.032
      -0.016  0.338  0.001 -0.028 -0.001
      -0.016  0.001  0.337  0.028 -0.001
       0.001 -0.028  0.028  0.232 -0.000
      -0.032 -0.001 -0.001 -0.000  0.337
     ------------------------ ATOM    2 ------------------------
     Tr[ns(  2)] (up, down, total) =   1.51996  4.66192  6.18189
     Atomic magnetic moment for atom   2 =  -3.14196
     SPIN  1
     eigenvalues:
       0.224  0.224  0.351  0.361  0.361
     eigenvectors (columns):
      -0.086 -0.951  0.014  0.293  0.054
      -0.218 -0.106 -0.594 -0.490  0.591
       0.198 -0.140 -0.588 -0.232 -0.736
      -0.952  0.087 -0.000  0.056 -0.290
      -0.023 -0.241  0.549 -0.786 -0.151
     occupation matrix ns (before diag.):
       0.236 -0.016 -0.016  0.000 -0.032
      -0.016  0.349  0.000 -0.027 -0.001
      -0.016  0.000  0.349  0.027 -0.001
       0.000 -0.027  0.027  0.236 -0.000
      -0.032 -0.001 -0.001 -0.000  0.350
     SPIN  2
     eigenvalues:
       0.929  0.930  0.933  0.935  0.935
     eigenvectors (columns):
      -0.983  0.156  0.005  0.079  0.060
       0.054  0.062 -0.579 -0.033  0.811
       0.022 -0.058 -0.576  0.722 -0.379
      -0.155 -0.984 -0.009 -0.040  0.078
       0.083 -0.011  0.577  0.686  0.435
     occupation matrix ns (before diag.):
       0.929  0.000  0.000 -0.000  0.000
       0.000  0.934 -0.001  0.000  0.001
       0.000 -0.001  0.934 -0.000  0.000
      -0.000  0.000 -0.000  0.930  0.000
       0.000  0.001  0.000  0.000  0.934

     Number of occupied Hubbard levels =   12.3162

     HUBBARD ENERGY =    0.0000  (Ry)

     total cpu time spent up to now is       11.5 secs

     total energy              =    -551.92084715 Ry
     estimated scf accuracy    <       0.08724002 Ry

     total magnetization       =     0.04 Bohr mag/cell
     absolute magnetization    =     7.23 Bohr mag/cell

     iteration #  5     ecut=    30.00 Ry     beta= 0.40
     Davidson diagonalization with overlap

---- Real-time Memory Report at c_bands before calling an iterative solver
            83 MiB given to the printing process from OS
             0 MiB allocation reported by mallinfo(arena+hblkhd)
           187 MiB available memory on the node where the printing process lives
------------------
     ethr =  1.98E-04,  avg # of iterations =  5.3

     =================== HUBBARD OCCUPATIONS ===================
     ------------------------ ATOM    1 ------------------------
     Tr[ns(  1)] (up, down, total) =   4.63007  1.83078  6.46086
     Atomic magnetic moment for atom   1 =   2.79929
     SPIN  1
     eigenvalues:
       0.919  0.919  0.929  0.931  0.931
     eigenvectors (columns):
       0.813  0.580  0.000  0.004  0.054
      -0.041  0.018  0.579  0.731  0.358
       0.004 -0.044  0.576 -0.678  0.455
       0.579 -0.813 -0.001  0.054 -0.003
      -0.037 -0.025 -0.577  0.057  0.814
     occupation matrix ns (before diag.):
       0.919  0.000  0.000 -0.000  0.001
       0.000  0.931 -0.001  0.000  0.001
       0.000 -0.001  0.931 -0.000  0.001
      -0.000  0.000 -0.000  0.919  0.000
       0.001  0.001  0.001  0.000  0.931
     SPIN  2
     eigenvalues:
       0.285  0.285  0.391  0.435  0.436
     eigenvectors (columns):
      -0.944  0.192 -0.000 -0.210 -0.164
      -0.143 -0.161 -0.575 -0.113  0.781
      -0.069  0.206 -0.581  0.728 -0.292
      -0.193 -0.945 -0.002  0.164 -0.208
      -0.213  0.044  0.576  0.622  0.484
     occupation matrix ns (before diag.):
       0.295 -0.016 -0.016 -0.000 -0.032
      -0.016  0.414 -0.011 -0.027  0.012
      -0.016 -0.011  0.413  0.027  0.011
      -0.000 -0.027  0.027  0.295 -0.000
      -0.032  0.012  0.011 -0.000  0.413
     ------------------------ ATOM    2 ------------------------
     Tr[ns(  2)] (up, down, total) =   1.36554  4.59007  5.95561
     Atomic magnetic moment for atom   2 =  -3.22453
     SPIN  1
     eigenvalues:
       0.228  0.228  0.266  0.322  0.322
     eigenvectors (columns):
       0.668 -0.413 -0.001  0.114 -0.608
       0.445  0.240 -0.577  0.486  0.418
      -0.015 -0.504 -0.578 -0.606  0.212
       0.412  0.669  0.001 -0.608 -0.115
       0.430 -0.266  0.577 -0.119  0.630
     occupation matrix ns (before diag.):
       0.264 -0.019 -0.019  0.000 -0.037
      -0.019  0.279 -0.006 -0.032  0.006
      -0.019 -0.006  0.279  0.032  0.006
       0.000 -0.032  0.032  0.264 -0.000
      -0.037  0.006  0.006 -0.000  0.279
     SPIN  2
     eigenvalues:
       0.905  0.905  0.924  0.928  0.928
     eigenvectors (columns):
      -0.989 -0.135  0.001 -0.054 -0.024
       0.018  0.045 -0.575 -0.093 -0.812
       0.029 -0.038 -0.575 -0.660  0.482
       0.135 -0.989 -0.000  0.024 -0.054
       0.048  0.007  0.582 -0.743 -0.325
     occupation matrix ns (before diag.):
       0.905  0.001  0.001  0.000  0.001
       0.001  0.926 -0.001  0.001  0.001
       0.001 -0.001  0.926 -0.001  0.001
       0.000  0.001 -0.001  0.905  0.000
       0.001  0.001  0.001  0.000  0.926

     Number of occupied Hubbard levels =   12.4165

     HUBBARD ENERGY =    0.0000  (Ry)

     total cpu time spent up to now is       14.0 secs

     total energy              =    -551.93416748 Ry
     estimated scf accuracy    <       0.10066704 Ry

     total magnetization       =    -0.44 Bohr mag/cell
     absolute magnetization    =     6.87 Bohr mag/cell

     iteration #  6     ecut=    30.00 Ry     beta= 0.40
     Davidson diagonalization with overlap

---- Real-time Memory Report at c_bands before calling an iterative solver
            85 MiB given to the printing process from OS
             0 MiB allocation reported by mallinfo(arena+hblkhd)
           185 MiB available memory on the node where the printing process lives
------------------
     ethr =  1.98E-04,  avg # of iterations =  1.0

     =================== HUBBARD OCCUPATIONS ===================
     ------------------------ ATOM    1 ------------------------
     Tr[ns(  1)] (up, down, total) =   4.61014  1.54693  6.15708
     Atomic magnetic moment for atom   1 =   3.06321
     SPIN  1
     eigenvalues:
       0.913  0.913  0.926  0.929  0.929
     eigenvectors (columns):
      -0.671 -0.738 -0.000  0.001  0.076
       0.058 -0.012  0.579  0.716  0.387
      -0.018  0.058  0.576 -0.694  0.428
      -0.738  0.671 -0.001  0.073 -0.003
       0.042  0.046 -0.578  0.025  0.813
     occupation matrix ns (before diag.):
       0.913  0.000  0.001 -0.000  0.001
       0.000  0.928 -0.001  0.001  0.001
       0.001 -0.001  0.928 -0.001  0.001
      -0.000  0.001 -0.001  0.913  0.000
       0.001  0.001  0.001  0.000  0.928
     SPIN  2
     eigenvalues:
       0.256  0.257  0.321  0.356  0.357
     eigenvectors (columns):
      -0.655 -0.607 -0.000 -0.358 -0.272
       0.081 -0.357 -0.577 -0.093  0.725
      -0.350  0.108 -0.579  0.672 -0.282
       0.608 -0.656 -0.002  0.271 -0.357
      -0.269 -0.250  0.576  0.582  0.440
     occupation matrix ns (before diag.):
       0.277 -0.016 -0.016  0.001 -0.033
      -0.016  0.332 -0.005 -0.028  0.005
      -0.016 -0.005  0.331  0.028  0.005
       0.001 -0.028  0.028  0.277  0.000
      -0.033  0.005  0.005  0.000  0.331
     ------------------------ ATOM    2 ------------------------
     Tr[ns(  2)] (up, down, total) =   1.63496  4.61128  6.24623
     Atomic magnetic moment for atom   2 =  -2.97632
     SPIN  1
     eigenvalues:
       0.263  0.264  0.344  0.382  0.382
     eigenvectors (columns):
       0.922  0.162 -0.001 -0.018 -0.350
       0.098  0.269 -0.579  0.679  0.348
       0.183 -0.218 -0.576 -0.644  0.415
      -0.163  0.922  0.002 -0.350  0.017
       0.283  0.050  0.577  0.040  0.764
     occupation matrix ns (before diag.):
       0.278 -0.016 -0.016  0.000 -0.032
      -0.016  0.359 -0.008 -0.027  0.008
      -0.016 -0.008  0.360  0.027  0.008
       0.000 -0.027  0.027  0.278  0.000
      -0.032  0.008  0.008  0.000  0.360
     SPIN  2
     eigenvalues:
       0.913  0.913  0.927  0.929  0.929
     eigenvectors (columns):
       0.735  0.676  0.000 -0.036 -0.042
      -0.039  0.014  0.576 -0.786  0.222
       0.008 -0.047  0.577  0.198 -0.791
       0.676 -0.735  0.000 -0.034  0.043
      -0.030 -0.033 -0.579 -0.584 -0.567
     occupation matrix ns (before diag.):
       0.913  0.000  0.000 -0.000  0.001
       0.000  0.928 -0.001  0.001  0.001
       0.000 -0.001  0.928 -0.001  0.001
      -0.000  0.001 -0.001  0.913 -0.000
       0.001  0.001  0.001 -0.000  0.928

     Number of occupied Hubbard levels =   12.4033

     HUBBARD ENERGY =    0.0000  (Ry)

     total cpu time spent up to now is       15.9 secs

     total energy              =    -551.94014992 Ry
     estimated scf accuracy    <       0.00620592 Ry

     total magnetization       =     0.10 Bohr mag/cell
     absolute magnetization    =     6.88 Bohr mag/cell

     iteration #  7     ecut=    30.00 Ry     beta= 0.40
     Davidson diagonalization with overlap

---- Real-time Memory Report at c_bands before calling an iterative solver
            85 MiB given to the printing process from OS
             0 MiB allocation reported by mallinfo(arena+hblkhd)
           198 MiB available memory on the node where the printing process lives
------------------
     ethr =  1.41E-05,  avg # of iterations =  2.7

     =================== HUBBARD OCCUPATIONS ===================
     ------------------------ ATOM    1 ------------------------
     Tr[ns(  1)] (up, down, total) =   4.60248  1.57861  6.18109
     Atomic magnetic moment for atom   1 =   3.02387
     SPIN  1
     eigenvalues:
       0.910  0.910  0.925  0.928  0.928
     eigenvectors (columns):
      -0.429 -0.901  0.000 -0.008 -0.059
       0.048  0.005 -0.578  0.644 -0.499
      -0.027  0.039 -0.577 -0.755 -0.309
      -0.901  0.430  0.000  0.057 -0.008
       0.021  0.044  0.577 -0.109 -0.808
     occupation matrix ns (before diag.):
       0.910  0.000  0.000 -0.000  0.001
       0.000  0.927 -0.001  0.001  0.001
       0.000 -0.001  0.927 -0.001  0.001
      -0.000  0.001 -0.001  0.910  0.000
       0.001  0.001  0.001  0.000  0.927
     SPIN  2
     eigenvalues:
       0.259  0.259  0.328  0.366  0.366
     eigenvectors (columns):
      -0.803 -0.426 -0.000 -0.344 -0.235
      -0.013 -0.339 -0.577 -0.059  0.741
      -0.289  0.181 -0.579  0.669 -0.320
       0.425 -0.804 -0.002  0.236 -0.343
      -0.301 -0.159  0.577  0.613  0.419
     occupation matrix ns (before diag.):
       0.278 -0.017 -0.017  0.000 -0.033
      -0.017  0.341 -0.006 -0.029  0.006
      -0.017 -0.006  0.341  0.029  0.006
       0.000 -0.029  0.029  0.278 -0.000
      -0.033  0.006  0.006 -0.000  0.341
     ------------------------ ATOM    2 ------------------------
     Tr[ns(  2)] (up, down, total) =   1.59320  4.60196  6.19516
     Atomic magnetic moment for atom   2 =  -3.00876
     SPIN  1
     eigenvalues:
       0.260  0.260  0.332  0.370  0.370
     eigenvectors (columns):
       0.900  0.180  0.001 -0.368 -0.148
       0.214 -0.243 -0.578  0.589 -0.462
       0.104  0.306 -0.577  0.104  0.743
       0.180 -0.901  0.001 -0.148  0.367
       0.317  0.063  0.576  0.696  0.280
     occupation matrix ns (before diag.):
       0.277 -0.016 -0.016 -0.000 -0.033
      -0.016  0.346 -0.007 -0.028  0.007
      -0.016 -0.007  0.346  0.028  0.007
      -0.000 -0.028  0.028  0.277 -0.000
      -0.033  0.007  0.007 -0.000  0.346
     SPIN  2
     eigenvalues:
       0.910  0.910  0.925  0.928  0.928
     eigenvectors (columns):
      -0.957 -0.287  0.000 -0.046 -0.028
       0.032 -0.030 -0.577  0.021 -0.816
       0.010  0.042 -0.577 -0.717  0.389
      -0.287  0.957 -0.000  0.028 -0.045
       0.042  0.013  0.578 -0.695 -0.425
     occupation matrix ns (before diag.):
       0.910  0.000  0.000 -0.000  0.001
       0.000  0.927 -0.001  0.001  0.001
       0.000 -0.001  0.927 -0.001  0.001
      -0.000  0.001 -0.001  0.910 -0.000
       0.001  0.001  0.001 -0.000  0.927

     Number of occupied Hubbard levels =   12.3762

     HUBBARD ENERGY =    0.0000  (Ry)

     total cpu time spent up to now is       18.2 secs

     total energy              =    -551.94106678 Ry
     estimated scf accuracy    <       0.00109617 Ry

     total magnetization       =     0.02 Bohr mag/cell
     absolute magnetization    =     6.86 Bohr mag/cell

     iteration #  8     ecut=    30.00 Ry     beta= 0.40
     Davidson diagonalization with overlap

---- Real-time Memory Report at c_bands before calling an iterative solver
            86 MiB given to the printing process from OS
             0 MiB allocation reported by mallinfo(arena+hblkhd)
           197 MiB available memory on the node where the printing process lives
------------------
     ethr =  2.49E-06,  avg # of iterations =  3.8

     =================== HUBBARD OCCUPATIONS ===================
     ------------------------ ATOM    1 ------------------------
     Tr[ns(  1)] (up, down, total) =   4.59812  1.60573  6.20385
     Atomic magnetic moment for atom   1 =   2.99239
     SPIN  1
     eigenvalues:
       0.908  0.908  0.925  0.928  0.928
     eigenvectors (columns):
       0.708  0.704  0.000  0.031  0.050
