
     Program PWSCF v.7.3.1 starts on 19Sep2024 at 16:50:25 

     This program is part of the open-source Quantum ESPRESSO suite
     for quantum simulation of materials; please cite
         "P. Giannozzi et al., J. Phys.:Condens. Matter 21 395502 (2009);
         "P. Giannozzi et al., J. Phys.:Condens. Matter 29 465901 (2017);
         "P. Giannozzi et al., J. Chem. Phys. 152 154105 (2020);
          URL http://www.quantum-espresso.org", 
     in publications or presentations arising from this work. More details at
     http://www.quantum-espresso.org/quote

     Parallel version (MPI), running on     1 processors

     MPI processes distributed on     1 nodes
     359 MiB available memory on the printing compute node when the environment starts

     Waiting for input...
     Reading input from standard input

     Current dimensions of program PWSCF are:
     Max number of different atomic species (ntypx) = 10
     Max number of k-points (npk) =  40000
     Max angular momentum in pseudopotentials (lmaxx) =  4
     Message from routine volume:
     axis vectors are left-handed

     Subspace diagonalization in iterative solution of the eigenvalue problem:
     a serial algorithm will be used


     G-vector sticks info
     --------------------
     sticks:   dense  smooth     PW     G-vecs:    dense   smooth      PW
     Sum        1061     539    171                17255     6111    1141

     Using Slab Decomposition



     bravais-lattice index     =            0
     lattice parameter (alat)  =       8.1900  a.u.
     unit-cell volume          =     274.6766 (a.u.)^3
     number of atoms/cell      =            4
     number of atomic types    =            3
     number of electrons       =        44.00
     number of Kohn-Sham states=           30
     kinetic-energy cutoff     =      30.0000  Ry
     charge density cutoff     =     240.0000  Ry
     scf convergence threshold =      4.0E-10
     mixing beta               =       0.4000
     number of iterations used =            8  plain     mixing
     Exchange-correlation= SLA  PW   NOGX NOGC
                           (   1   4   0   0   0   0   0)
     Hubbard projectors: atomic
     Hubbard parameters of DFT+U (Dudarev formulation) in eV:
     U(Fe1-3d) =  0.0000
     U(Fe2-3d) =  0.0000

     Internal variables: lda_plus_u =T, lda_plus_u_kind = 0

     celldm(1)=   8.190000  celldm(2)=   0.000000  celldm(3)=   0.000000
     celldm(4)=   0.000000  celldm(5)=   0.000000  celldm(6)=   0.000000

     crystal axes: (cart. coord. in units of alat)
               a(1) = (   0.500000   0.500000   1.000000 )  
               a(2) = (   0.500000   1.000000   0.500000 )  
               a(3) = (   1.000000   0.500000   0.500000 )  

     reciprocal axes: (cart. coord. in units 2 pi/alat)
               b(1) = ( -0.500000 -0.500000  1.500000 )  
               b(2) = ( -0.500000  1.500000 -0.500000 )  
               b(3) = (  1.500000 -0.500000 -0.500000 )  


     PseudoPot. # 1 for Fe read from file:
     ./pseudo/Fe.upf
     MD5 check sum: b1fb9d3cb1d156aba92c681262384fac
     Pseudo is Norm-conserving + core correction, Zval = 16.0
     Generated using ONCVPSP code by D. R. Hamann
     Using radial grid of 1408 points,  6 beta functions with: 
                l(1) =   0
                l(2) =   0
                l(3) =   1
                l(4) =   1
                l(5) =   2
                l(6) =   2

     PseudoPot. # 2 for Fe read from file:
     ./pseudo/Fe.upf
     MD5 check sum: b1fb9d3cb1d156aba92c681262384fac
     Pseudo is Norm-conserving + core correction, Zval = 16.0
     Generated using ONCVPSP code by D. R. Hamann
     Using radial grid of 1408 points,  6 beta functions with: 
                l(1) =   0
                l(2) =   0
                l(3) =   1
                l(4) =   1
                l(5) =   2
                l(6) =   2

     PseudoPot. # 3 for O  read from file:
     ./pseudo/O.upf
     MD5 check sum: 86ed389b6a5065e60c3f64c68a612de9
     Pseudo is Norm-conserving + core correction, Zval =  6.0
     Generated using ONCVPSP code by D. R. Hamann
     Using radial grid of  926 points,  5 beta functions with: 
                l(1) =   0
                l(2) =   0
                l(3) =   1
                l(4) =   1
                l(5) =   2

     atomic species   valence    mass     pseudopotential
     Fe1              16.00     1.00000     Fe( 1.00)
     Fe2              16.00     1.00000     Fe( 1.00)
     O                 6.00     1.00000     O ( 1.00)

     Starting magnetic structure 
     atomic species   magnetization
     Fe1             0.670
     Fe2            -0.670
     O               0.000

     No symmetry found


                                    s                        frac. trans.

      isym =  1     identity                                     

 cryst.   s( 1) = (     1          0          0      )
                  (     0          1          0      )
                  (     0          0          1      )

 cart.    s( 1) = (  1.0000000  0.0000000  0.0000000 )
                  (  0.0000000  1.0000000  0.0000000 )
                  (  0.0000000  0.0000000  1.0000000 )


   Cartesian axes

     site n.     atom                  positions (alat units)
         1        Fe1    tau(   1) = (   0.0000000   0.0000000   0.0000000  )
         2        Fe2    tau(   2) = (   1.0000000   1.0000000   1.0000000  )
         3        O      tau(   3) = (   0.5000000   0.5000000   0.5000000  )
         4        O      tau(   4) = (   1.5000000   1.5000000   1.5000000  )

   Crystallographic axes

     site n.     atom                  positions (cryst. coord.)
         1        Fe1    tau(   1) = (  0.0000000  0.0000000  0.0000000  )
         2        Fe2    tau(   2) = (  0.5000000  0.5000000  0.5000000  )
         3        O      tau(   3) = (  0.2500000  0.2500000  0.2500000  )
         4        O      tau(   4) = (  0.7500000  0.7500000  0.7500000  )

     number of k points=    27  Gaussian smearing, width (Ry)=  0.0100
                       cart. coord. in units 2pi/alat
        k(    1) = (   0.0000000   0.0000000   0.0000000), wk =   0.0370370
        k(    2) = (   0.5000000  -0.1666667  -0.1666667), wk =   0.0370370
        k(    3) = (  -0.5000000   0.1666667   0.1666667), wk =   0.0370370
        k(    4) = (  -0.1666667   0.5000000  -0.1666667), wk =   0.0370370
        k(    5) = (   0.3333333   0.3333333  -0.3333333), wk =   0.0370370
        k(    6) = (  -0.6666667   0.6666667   0.0000000), wk =   0.0370370
        k(    7) = (   0.1666667  -0.5000000   0.1666667), wk =   0.0370370
        k(    8) = (   0.6666667  -0.6666667   0.0000000), wk =   0.0370370
        k(    9) = (  -0.3333333  -0.3333333   0.3333333), wk =   0.0370370
        k(   10) = (  -0.1666667  -0.1666667   0.5000000), wk =   0.0370370
        k(   11) = (   0.3333333  -0.3333333   0.3333333), wk =   0.0370370
        k(   12) = (  -0.6666667   0.0000000   0.6666667), wk =   0.0370370
        k(   13) = (  -0.3333333   0.3333333   0.3333333), wk =   0.0370370
        k(   14) = (   0.1666667   0.1666667   0.1666667), wk =   0.0370370
        k(   15) = (  -0.8333333   0.5000000   0.5000000), wk =   0.0370370
        k(   16) = (   0.0000000  -0.6666667   0.6666667), wk =   0.0370370
        k(   17) = (   0.5000000  -0.8333333   0.5000000), wk =   0.0370370
        k(   18) = (  -0.5000000  -0.5000000   0.8333333), wk =   0.0370370
        k(   19) = (   0.1666667   0.1666667  -0.5000000), wk =   0.0370370
        k(   20) = (   0.6666667   0.0000000  -0.6666667), wk =   0.0370370
        k(   21) = (  -0.3333333   0.3333333  -0.3333333), wk =   0.0370370
        k(   22) = (   0.0000000   0.6666667  -0.6666667), wk =   0.0370370
        k(   23) = (   0.5000000   0.5000000  -0.8333333), wk =   0.0370370
        k(   24) = (  -0.5000000   0.8333333  -0.5000000), wk =   0.0370370
        k(   25) = (   0.3333333  -0.3333333  -0.3333333), wk =   0.0370370
        k(   26) = (   0.8333333  -0.5000000  -0.5000000), wk =   0.0370370
        k(   27) = (  -0.1666667  -0.1666667  -0.1666667), wk =   0.0370370

                       cryst. coord.
        k(    1) = (   0.0000000   0.0000000   0.0000000), wk =   0.0370370
        k(    2) = (   0.0000000   0.0000000   0.3333333), wk =   0.0370370
        k(    3) = (   0.0000000   0.0000000  -0.3333333), wk =   0.0370370
        k(    4) = (   0.0000000   0.3333333   0.0000000), wk =   0.0370370
        k(    5) = (   0.0000000   0.3333333   0.3333333), wk =   0.0370370
        k(    6) = (   0.0000000   0.3333333  -0.3333333), wk =   0.0370370
        k(    7) = (   0.0000000  -0.3333333   0.0000000), wk =   0.0370370
        k(    8) = (   0.0000000  -0.3333333   0.3333333), wk =   0.0370370
        k(    9) = (   0.0000000  -0.3333333  -0.3333333), wk =   0.0370370
        k(   10) = (   0.3333333   0.0000000   0.0000000), wk =   0.0370370
        k(   11) = (   0.3333333   0.0000000   0.3333333), wk =   0.0370370
        k(   12) = (   0.3333333   0.0000000  -0.3333333), wk =   0.0370370
        k(   13) = (   0.3333333   0.3333333   0.0000000), wk =   0.0370370
        k(   14) = (   0.3333333   0.3333333   0.3333333), wk =   0.0370370
        k(   15) = (   0.3333333   0.3333333  -0.3333333), wk =   0.0370370
        k(   16) = (   0.3333333  -0.3333333   0.0000000), wk =   0.0370370
        k(   17) = (   0.3333333  -0.3333333   0.3333333), wk =   0.0370370
        k(   18) = (   0.3333333  -0.3333333  -0.3333333), wk =   0.0370370
        k(   19) = (  -0.3333333   0.0000000   0.0000000), wk =   0.0370370
        k(   20) = (  -0.3333333   0.0000000   0.3333333), wk =   0.0370370
        k(   21) = (  -0.3333333   0.0000000  -0.3333333), wk =   0.0370370
        k(   22) = (  -0.3333333   0.3333333   0.0000000), wk =   0.0370370
        k(   23) = (  -0.3333333   0.3333333   0.3333333), wk =   0.0370370
        k(   24) = (  -0.3333333   0.3333333  -0.3333333), wk =   0.0370370
        k(   25) = (  -0.3333333  -0.3333333   0.0000000), wk =   0.0370370
        k(   26) = (  -0.3333333  -0.3333333   0.3333333), wk =   0.0370370
        k(   27) = (  -0.3333333  -0.3333333  -0.3333333), wk =   0.0370370

     Dense  grid:    17255 G-vectors     FFT dimensions: (  50,  50,  50)

     Smooth grid:     6111 G-vectors     FFT dimensions: (  36,  36,  36)

     Dynamical RAM for                 wfc:       0.35 MB

     Dynamical RAM for     wfc (w. buffer):      19.18 MB

     Dynamical RAM for             U proj.:       0.12 MB

     Dynamical RAM for  U proj. (w. buff.):       6.39 MB

     Dynamical RAM for           str. fact:       0.79 MB

     Dynamical RAM for           local pot:       0.00 MB

     Dynamical RAM for          nlocal pot:       0.72 MB

     Dynamical RAM for                qrad:       3.73 MB

     Dynamical RAM for          rho,v,vnew:       7.30 MB

     Dynamical RAM for               rhoin:       2.43 MB

     Dynamical RAM for            rho*nmix:       8.43 MB

     Dynamical RAM for           G-vectors:       1.03 MB

     Dynamical RAM for          h,s,v(r/c):       0.16 MB

     Dynamical RAM for          <psi|beta>:       0.03 MB

     Dynamical RAM for                 psi:       0.70 MB

     Dynamical RAM for                hpsi:       0.70 MB

     Dynamical RAM for      wfcinit/wfcrot:       0.72 MB

     Estimated static dynamical RAM per process >      48.37 MB

     Estimated max dynamical RAM per process >      58.38 MB

     Check: negative core charge=   -0.000037
     Generating pointlists ...
     new r_m :   0.2063 (alat units)  1.6892 (a.u.) for type    1
     new r_m :   0.2063 (alat units)  1.6892 (a.u.) for type    2
     new r_m :   0.2063 (alat units)  1.6892 (a.u.) for type    3

     Initial potential from superposition of free atoms

     starting charge      43.9994, renormalised to      44.0000

     HUBBARD ENERGY =    0.0000  (Ry)

     STARTING HUBBARD OCCUPATIONS:

     =================== HUBBARD OCCUPATIONS ===================
     ------------------------ ATOM    1 ------------------------
     Tr[ns(  1)] (up, down, total) =   5.00000  1.00000  6.00000
     Atomic magnetic moment for atom   1 =   4.00000
     SPIN  1
     eigenvalues:
       1.000  1.000  1.000  1.000  1.000
     eigenvectors (columns):
       1.000  0.000  0.000  0.000  0.000
       0.000  1.000  0.000  0.000  0.000
       0.000  0.000  1.000  0.000  0.000
       0.000  0.000  0.000  1.000  0.000
       0.000  0.000  0.000  0.000  1.000
     occupation matrix ns (before diag.):
       1.000  0.000  0.000  0.000  0.000
       0.000  1.000  0.000  0.000  0.000
       0.000  0.000  1.000  0.000  0.000
       0.000  0.000  0.000  1.000  0.000
       0.000  0.000  0.000  0.000  1.000
     SPIN  2
     eigenvalues:
       0.200  0.200  0.200  0.200  0.200
     eigenvectors (columns):
       1.000  0.000  0.000  0.000  0.000
       0.000  1.000  0.000  0.000  0.000
       0.000  0.000  1.000  0.000  0.000
       0.000  0.000  0.000  1.000  0.000
       0.000  0.000  0.000  0.000  1.000
     occupation matrix ns (before diag.):
       0.200  0.000  0.000  0.000  0.000
       0.000  0.200  0.000  0.000  0.000
       0.000  0.000  0.200  0.000  0.000
       0.000  0.000  0.000  0.200  0.000
       0.000  0.000  0.000  0.000  0.200
     ------------------------ ATOM    2 ------------------------
     Tr[ns(  2)] (up, down, total) =   1.00000  5.00000  6.00000
     Atomic magnetic moment for atom   2 =  -4.00000
     SPIN  1
     eigenvalues:
       0.200  0.200  0.200  0.200  0.200
     eigenvectors (columns):
       1.000  0.000  0.000  0.000  0.000
       0.000  1.000  0.000  0.000  0.000
       0.000  0.000  1.000  0.000  0.000
       0.000  0.000  0.000  1.000  0.000
       0.000  0.000  0.000  0.000  1.000
     occupation matrix ns (before diag.):
       0.200  0.000  0.000  0.000  0.000
       0.000  0.200  0.000  0.000  0.000
       0.000  0.000  0.200  0.000  0.000
       0.000  0.000  0.000  0.200  0.000
       0.000  0.000  0.000  0.000  0.200
     SPIN  2
     eigenvalues:
       1.000  1.000  1.000  1.000  1.000
     eigenvectors (columns):
       1.000  0.000  0.000  0.000  0.000
       0.000  1.000  0.000  0.000  0.000
       0.000  0.000  1.000  0.000  0.000
       0.000  0.000  0.000  1.000  0.000
       0.000  0.000  0.000  0.000  1.000
     occupation matrix ns (before diag.):
       1.000  0.000  0.000  0.000  0.000
       0.000  1.000  0.000  0.000  0.000
       0.000  0.000  1.000  0.000  0.000
       0.000  0.000  0.000  1.000  0.000
       0.000  0.000  0.000  0.000  1.000

     Number of occupied Hubbard levels =   12.0000

     Atomic wfc used for Hubbard projectors are NOT orthogonalized

     Starting wfcs are   28 randomized atomic wfcs +    2 random wfcs

     total cpu time spent up to now is        1.7 secs

     Self-consistent Calculation

     iteration #  1     ecut=    30.00 Ry     beta= 0.40
     Davidson diagonalization with overlap

---- Real-time Memory Report at c_bands before calling an iterative solver
            76 MiB given to the printing process from OS
             0 MiB allocation reported by mallinfo(arena+hblkhd)
           306 MiB available memory on the node where the printing process lives
------------------
     ethr =  1.00E-02,  avg # of iterations =  4.6

     =================== HUBBARD OCCUPATIONS ===================
     ------------------------ ATOM    1 ------------------------
     Tr[ns(  1)] (up, down, total) =   4.21407  0.54398  4.75805
     Atomic magnetic moment for atom   1 =   3.67008
     SPIN  1
     eigenvalues:
       0.824  0.835  0.835  0.860  0.860
     eigenvectors (columns):
       0.000  0.116 -0.440  0.364  0.813
      -0.575  0.705 -0.189 -0.367 -0.038
      -0.579 -0.515 -0.513  0.214 -0.300
       0.001  0.436  0.114  0.815 -0.365
       0.578  0.185 -0.703 -0.152 -0.339
     occupation matrix ns (before diag.):
       0.855 -0.004 -0.004 -0.000 -0.008
      -0.004  0.835 -0.005 -0.007  0.005
      -0.004 -0.005  0.835  0.007  0.006
      -0.000 -0.007  0.007  0.855 -0.000
      -0.008  0.005  0.006 -0.000  0.835
     SPIN  2
     eigenvalues:
       0.089  0.095  0.095  0.133  0.133
     eigenvectors (columns):
       0.001  0.159 -0.134  0.908  0.365
       0.578  0.749  0.277 -0.134  0.106
       0.579 -0.136 -0.786 -0.024 -0.171
      -0.001  0.134  0.162  0.365 -0.907
      -0.576  0.615 -0.512 -0.157 -0.064
     occupation matrix ns (before diag.):
       0.131 -0.003 -0.003 -0.000 -0.006
      -0.003  0.094 -0.003 -0.006  0.002
      -0.003 -0.003  0.094  0.006  0.003
      -0.000 -0.006  0.006  0.131  0.000
      -0.006  0.002  0.003  0.000  0.094
     ------------------------ ATOM    2 ------------------------
     Tr[ns(  2)] (up, down, total) =   0.54412  4.21425  4.75837
     Atomic magnetic moment for atom   2 =  -3.67013
     SPIN  1
     eigenvalues:
       0.089  0.095  0.095  0.133  0.133
     eigenvectors (columns):
      -0.002 -0.146 -0.154 -0.220 -0.952
       0.576  0.222 -0.768 -0.125  0.118
       0.574 -0.779  0.186  0.164  0.050
       0.000  0.151 -0.145  0.953 -0.219
      -0.582 -0.548 -0.576  0.038  0.169
     occupation matrix ns (before diag.):
       0.131 -0.003 -0.003 -0.000 -0.006
      -0.003  0.094 -0.003 -0.006  0.003
      -0.003 -0.003  0.094  0.006  0.003
      -0.000 -0.006  0.006  0.131 -0.000
      -0.006  0.003  0.003 -0.000  0.094
     SPIN  2
     eigenvalues:
       0.824  0.835  0.835  0.860  0.860
     eigenvectors (columns):
       0.003 -0.452 -0.023  0.451  0.770
       0.580 -0.395  0.608  0.184 -0.323
       0.575 -0.330 -0.651 -0.370  0.002
       0.003 -0.024  0.454 -0.769  0.449
      -0.576 -0.729 -0.036 -0.186 -0.318
     occupation matrix ns (before diag.):
       0.855 -0.004 -0.004  0.000 -0.008
      -0.004  0.835 -0.005 -0.007  0.005
      -0.004 -0.005  0.835  0.007  0.005
       0.000 -0.007  0.007  0.855  0.000
      -0.008  0.005  0.005  0.000  0.835

     Number of occupied Hubbard levels =    9.5164

     HUBBARD ENERGY =    0.0000  (Ry)

     total cpu time spent up to now is        5.3 secs

     total energy              =    -549.57320929 Ry
     estimated scf accuracy    <      12.74099296 Ry

     total magnetization       =    -0.00 Bohr mag/cell
     absolute magnetization    =     8.68 Bohr mag/cell

     iteration #  2     ecut=    30.00 Ry     beta= 0.40
     Davidson diagonalization with overlap

---- Real-time Memory Report at c_bands before calling an iterative solver
            84 MiB given to the printing process from OS
             0 MiB allocation reported by mallinfo(arena+hblkhd)
           293 MiB available memory on the node where the printing process lives
------------------
     ethr =  1.00E-02,  avg # of iterations =  2.7

     =================== HUBBARD OCCUPATIONS ===================
     ------------------------ ATOM    1 ------------------------
     Tr[ns(  1)] (up, down, total) =   4.68561  1.83554  6.52116
     Atomic magnetic moment for atom   1 =   2.85007
     SPIN  1
     eigenvalues:
       0.934  0.934  0.939  0.939  0.939
     eigenvectors (columns):
      -0.944  0.327  0.001  0.044  0.011
       0.007 -0.036 -0.626  0.566 -0.536
       0.028  0.024 -0.514  0.218  0.829
       0.327  0.944 -0.003  0.010 -0.043
       0.035 -0.012  0.587  0.794  0.154
     occupation matrix ns (before diag.):
       0.934  0.000  0.000  0.000  0.000
       0.000  0.939 -0.000  0.000  0.000
       0.000 -0.000  0.939 -0.000  0.000
       0.000  0.000 -0.000  0.934 -0.000
       0.000  0.000  0.000 -0.000  0.939
     SPIN  2
     eigenvalues:
       0.305  0.306  0.389  0.416  0.419
     eigenvectors (columns):
      -0.667 -0.286  0.013 -0.559 -0.401
      -0.453  0.337 -0.583  0.531 -0.244
      -0.071 -0.553 -0.577 -0.070  0.592
      -0.282  0.672  0.008 -0.404  0.553
      -0.515 -0.217  0.572  0.488  0.350
     occupation matrix ns (before diag.):
       0.358 -0.022 -0.023 -0.000 -0.045
      -0.022  0.372  0.008 -0.039 -0.009
      -0.023  0.008  0.374  0.040 -0.008
      -0.000 -0.039  0.040  0.358  0.000
      -0.045 -0.009 -0.008  0.000  0.373
     ------------------------ ATOM    2 ------------------------
     Tr[ns(  2)] (up, down, total) =   1.83077  4.68557  6.51634
     Atomic magnetic moment for atom   2 =  -2.85480
     SPIN  1
     eigenvalues:
       0.305  0.305  0.388  0.416  0.417
     eigenvectors (columns):
       0.640  0.336  0.013  0.688  0.067
       0.481 -0.301 -0.589 -0.335  0.469
       0.028  0.561 -0.570 -0.235 -0.552
       0.335 -0.643  0.018  0.068 -0.685
       0.496  0.261  0.573 -0.596 -0.047
     occupation matrix ns (before diag.):
       0.358 -0.023 -0.023 -0.000 -0.045
      -0.023  0.371  0.008 -0.039 -0.008
      -0.023  0.008  0.372  0.040 -0.009
      -0.000 -0.039  0.040  0.358 -0.000
      -0.045 -0.008 -0.009 -0.000  0.372
     SPIN  2
     eigenvalues:
       0.934  0.934  0.939  0.939  0.939
     eigenvectors (columns):
       0.564  0.824 -0.002 -0.040  0.022
      -0.038  0.003  0.577 -0.720 -0.384
       0.016 -0.033  0.543 -0.013  0.839
       0.824 -0.564  0.002 -0.024 -0.040
      -0.022 -0.031 -0.610 -0.692  0.384
     occupation matrix ns (before diag.):
       0.934  0.000  0.000 -0.000  0.000
       0.000  0.939 -0.000  0.000  0.000
       0.000 -0.000  0.939 -0.000  0.000
      -0.000  0.000 -0.000  0.934  0.000
       0.000  0.000  0.000  0.000  0.939

     Number of occupied Hubbard levels =   13.0375

     HUBBARD ENERGY =    0.0000  (Ry)

     total cpu time spent up to now is        8.4 secs

     total energy              =    -551.36516423 Ry
     estimated scf accuracy    <       3.19647630 Ry

     total magnetization       =    -0.00 Bohr mag/cell
     absolute magnetization    =     6.87 Bohr mag/cell

     iteration #  3     ecut=    30.00 Ry     beta= 0.40
     Davidson diagonalization with overlap

---- Real-time Memory Report at c_bands before calling an iterative solver
            84 MiB given to the printing process from OS
             0 MiB allocation reported by mallinfo(arena+hblkhd)
           292 MiB available memory on the node where the printing process lives
------------------
     ethr =  7.26E-03,  avg # of iterations =  1.9

     =================== HUBBARD OCCUPATIONS ===================
     ------------------------ ATOM    1 ------------------------
     Tr[ns(  1)] (up, down, total) =   4.66047  1.27884  5.93931
     Atomic magnetic moment for atom   1 =   3.38163
     SPIN  1
     eigenvalues:
       0.930  0.930  0.933  0.934  0.934
     eigenvectors (columns):
       0.334  0.941 -0.002  0.021 -0.054
       0.047  0.009 -0.570  0.502  0.649
      -0.029  0.035 -0.569 -0.811  0.129
       0.941 -0.334  0.001 -0.053 -0.021
       0.015  0.045  0.593 -0.296  0.748
     occupation matrix ns (before diag.):
       0.930 -0.000 -0.000 -0.000 -0.000
      -0.000  0.934 -0.000 -0.000  0.000
      -0.000 -0.000  0.934  0.000  0.000
      -0.000 -0.000  0.000  0.930  0.000
      -0.000  0.000  0.000  0.000  0.934
     SPIN  2
     eigenvalues:
       0.200  0.200  0.276  0.301  0.301
     eigenvectors (columns):
       0.882  0.217  0.001 -0.383 -0.169
       0.095  0.328 -0.579  0.078  0.736
       0.237 -0.246 -0.577  0.599 -0.439
      -0.216  0.883  0.002  0.170 -0.381
       0.332  0.081  0.576  0.678  0.303
     occupation matrix ns (before diag.):
       0.218 -0.016 -0.016 -0.000 -0.031
      -0.016  0.281 -0.003 -0.027  0.003
      -0.016 -0.003  0.281  0.027  0.002
      -0.000 -0.027  0.027  0.218  0.000
      -0.031  0.003  0.002  0.000  0.281
     ------------------------ ATOM    2 ------------------------
     Tr[ns(  2)] (up, down, total) =   1.30119  4.66111  5.96230
     Atomic magnetic moment for atom   2 =  -3.35992
     SPIN  1
     eigenvalues:
       0.204  0.204  0.280  0.306  0.306
     eigenvectors (columns):
       0.755  0.530  0.000 -0.330 -0.203
       0.286 -0.133 -0.579  0.662 -0.357
      -0.028  0.314 -0.576 -0.023  0.753
       0.530 -0.755  0.000 -0.203  0.329
       0.259  0.181  0.577  0.641  0.394
     occupation matrix ns (before diag.):
       0.220 -0.015 -0.015 -0.000 -0.030
      -0.015  0.287 -0.004 -0.026  0.004
      -0.015 -0.004  0.287  0.026  0.004
      -0.000 -0.026  0.026  0.220 -0.000
      -0.030  0.004  0.004 -0.000  0.287
     SPIN  2
     eigenvalues:
       0.930  0.930  0.934  0.934  0.934
     eigenvectors (columns):
      -0.713  0.698 -0.001  0.014 -0.064
      -0.051 -0.015 -0.567  0.611  0.550
       0.013  0.051 -0.586 -0.769  0.252
      -0.698 -0.713 -0.000 -0.063 -0.014
      -0.038  0.038  0.579 -0.180  0.793
     occupation matrix ns (before diag.):
       0.930 -0.000 -0.000 -0.000 -0.000
      -0.000  0.934 -0.000 -0.000  0.000
      -0.000 -0.000  0.934  0.000  0.000
      -0.000 -0.000  0.000  0.930  0.000
      -0.000  0.000  0.000  0.000  0.934

     Number of occupied Hubbard levels =   11.9016

     HUBBARD ENERGY =    0.0000  (Ry)

     total cpu time spent up to now is       10.7 secs

     total energy              =    -551.83803720 Ry
     estimated scf accuracy    <       0.85164680 Ry

     total magnetization       =     0.03 Bohr mag/cell
     absolute magnetization    =     7.73 Bohr mag/cell

     iteration #  4     ecut=    30.00 Ry     beta= 0.40
     Davidson diagonalization with overlap

---- Real-time Memory Report at c_bands before calling an iterative solver
            85 MiB given to the printing process from OS
             0 MiB allocation reported by mallinfo(arena+hblkhd)
           292 MiB available memory on the node where the printing process lives
------------------
     ethr =  1.94E-03,  avg # of iterations =  1.7

     =================== HUBBARD OCCUPATIONS ===================
     ------------------------ ATOM    1 ------------------------
     Tr[ns(  1)] (up, down, total) =   4.65334  1.67491  6.32826
     Atomic magnetic moment for atom   1 =   2.97843
     SPIN  1
     eigenvalues:
       0.925  0.925  0.933  0.935  0.935
     eigenvectors (columns):
       0.297  0.950 -0.000  0.060 -0.077
      -0.078 -0.017 -0.577 -0.308 -0.752
       0.054 -0.059 -0.578  0.805  0.109
       0.950 -0.297  0.000 -0.077 -0.060
      -0.024 -0.076  0.578  0.497 -0.642
     occupation matrix ns (before diag.):
       0.925  0.000  0.000 -0.000  0.001
       0.000  0.934 -0.000  0.001  0.000
       0.000 -0.000  0.934 -0.001  0.000
      -0.000  0.001 -0.001  0.925 -0.000
       0.001  0.000  0.000 -0.000  0.934
     SPIN  2
     eigenvalues:
       0.267  0.267  0.349  0.396  0.396
     eigenvectors (columns):
       0.912  0.238  0.000 -0.329 -0.055
       0.072  0.262 -0.578  0.268  0.721
       0.192 -0.193 -0.577  0.490 -0.594
      -0.238  0.912  0.001  0.056 -0.328
       0.264  0.068  0.577  0.759  0.129
     occupation matrix ns (before diag.):
       0.281 -0.017 -0.017 -0.000 -0.033
      -0.017  0.371 -0.011 -0.029  0.011
      -0.017 -0.011  0.371  0.029  0.011
      -0.000 -0.029  0.029  0.281  0.000
      -0.033  0.011  0.011  0.000  0.371
     ------------------------ ATOM    2 ------------------------
     Tr[ns(  2)] (up, down, total) =   1.46211  4.64656  6.10867
     Atomic magnetic moment for atom   2 =  -3.18445
     SPIN  1
     eigenvalues:
       0.242  0.242  0.301  0.339  0.339
     eigenvectors (columns):
       0.790  0.293  0.001  0.021  0.538
       0.338 -0.280 -0.578  0.582 -0.367
       0.074  0.433 -0.578 -0.609 -0.320
       0.293 -0.790 -0.000 -0.537  0.021
       0.412  0.153  0.577 -0.027 -0.688
     occupation matrix ns (before diag.):
       0.270 -0.018 -0.018 -0.000 -0.036
      -0.018  0.308 -0.003 -0.031  0.003
      -0.018 -0.003  0.307  0.031  0.003
      -0.000 -0.031  0.031  0.270 -0.000
      -0.036  0.003  0.003 -0.000  0.308
     SPIN  2
     eigenvalues:
       0.923  0.923  0.932  0.934  0.934
     eigenvectors (columns):
      -0.974 -0.204 -0.000 -0.007  0.095
       0.024  0.074 -0.576  0.670  0.462
       0.052 -0.058 -0.578 -0.733  0.349
       0.204 -0.974  0.000  0.095  0.008
       0.076  0.016  0.578 -0.066  0.810
     occupation matrix ns (before diag.):
       0.923  0.000  0.000  0.000  0.001
       0.000  0.933 -0.001  0.001  0.001
       0.000 -0.001  0.933 -0.001  0.001
       0.000  0.001 -0.001  0.923  0.000
       0.001  0.001  0.001  0.000  0.933

     Number of occupied Hubbard levels =   12.4369

     HUBBARD ENERGY =    0.0000  (Ry)

     total cpu time spent up to now is       13.0 secs

     total energy              =    -551.92051039 Ry
     estimated scf accuracy    <       0.13351731 Ry

     total magnetization       =    -0.22 Bohr mag/cell
     absolute magnetization    =     7.07 Bohr mag/cell

     iteration #  5     ecut=    30.00 Ry     beta= 0.40
     Davidson diagonalization with overlap

---- Real-time Memory Report at c_bands before calling an iterative solver
            86 MiB given to the printing process from OS
             0 MiB allocation reported by mallinfo(arena+hblkhd)
           292 MiB available memory on the node where the printing process lives
------------------
     ethr =  3.03E-04,  avg # of iterations =  2.7

     =================== HUBBARD OCCUPATIONS ===================
     ------------------------ ATOM    1 ------------------------
     Tr[ns(  1)] (up, down, total) =   4.30254  0.68205  4.98458
     Atomic magnetic moment for atom   1 =   3.62049
     SPIN  1
     eigenvalues:
       0.775  0.775  0.911  0.921  0.921
     eigenvectors (columns):
      -0.987  0.154 -0.000 -0.008 -0.039
       0.012 -0.030 -0.577 -0.776 -0.253
       0.020  0.025 -0.577  0.607 -0.545
       0.154  0.987 -0.000 -0.039  0.008
       0.032 -0.005  0.578 -0.168 -0.798
     occupation matrix ns (before diag.):
       0.775  0.002  0.002  0.000  0.005
       0.002  0.917 -0.003  0.004  0.003
       0.002 -0.003  0.917 -0.004  0.003
       0.000  0.004 -0.004  0.775 -0.000
       0.005  0.003  0.003 -0.000  0.917
     SPIN  2
     eigenvalues:
       0.085  0.087  0.087  0.211  0.211
     eigenvectors (columns):
       0.000 -0.025  0.007  0.998  0.058
      -0.578  0.590  0.563  0.009  0.019
      -0.577  0.192 -0.793  0.011 -0.017
       0.000 -0.007 -0.025 -0.058  0.998
       0.577  0.784 -0.229  0.021  0.001
     occupation matrix ns (before diag.):
       0.211  0.001  0.001  0.000  0.003
       0.001  0.087 -0.001  0.002  0.001
       0.001 -0.001  0.087 -0.002  0.001
       0.000  0.002 -0.002  0.211  0.000
       0.003  0.001  0.001  0.000  0.087
     ------------------------ ATOM    2 ------------------------
     Tr[ns(  2)] (up, down, total) =   2.86102  4.65450  7.51551
     Atomic magnetic moment for atom   2 =  -1.79348
     SPIN  1
     eigenvalues:
       0.350  0.350  0.713  0.713  0.734
     eigenvectors (columns):
      -0.971  0.237 -0.037 -0.001 -0.000
      -0.021 -0.022  0.422 -0.700 -0.575
      -0.008  0.029  0.396  0.713 -0.578
      -0.237 -0.971 -0.001  0.037 -0.000
      -0.029  0.007  0.815  0.016  0.579
     occupation matrix ns (before diag.):
       0.351 -0.006 -0.005 -0.000 -0.011
      -0.006  0.720  0.007 -0.010 -0.007
      -0.005  0.007  0.720  0.010 -0.007
      -0.000 -0.010  0.010  0.351 -0.000
      -0.011 -0.007 -0.007 -0.000  0.720
     SPIN  2
     eigenvalues:
       0.929  0.930  0.930  0.932  0.932
     eigenvectors (columns):
      -0.000 -0.055  0.879  0.113 -0.460
       0.577  0.322  0.214 -0.691  0.200
       0.577 -0.347  0.172  0.518  0.498
       0.000  0.879  0.056  0.460  0.114
      -0.578 -0.025  0.386 -0.172  0.698
     occupation matrix ns (before diag.):
       0.931 -0.000 -0.000 -0.000 -0.001
      -0.000  0.931 -0.001 -0.001  0.001
      -0.000 -0.001  0.931  0.001  0.001
      -0.000 -0.001  0.001  0.931  0.000
      -0.001  0.001  0.001  0.000  0.931

     Number of occupied Hubbard levels =   12.5001

     HUBBARD ENERGY =    0.0000  (Ry)

     total cpu time spent up to now is       15.5 secs

     total energy              =    -551.84424940 Ry
     estimated scf accuracy    <       2.24418718 Ry

     total magnetization       =     1.89 Bohr mag/cell
     absolute magnetization    =     6.20 Bohr mag/cell

     iteration #  6     ecut=    30.00 Ry     beta= 0.40
     Davidson diagonalization with overlap

---- Real-time Memory Report at c_bands before calling an iterative solver
            87 MiB given to the printing process from OS
             0 MiB allocation reported by mallinfo(arena+hblkhd)
           291 MiB available memory on the node where the printing process lives
------------------
     ethr =  3.03E-04,  avg # of iterations =  1.9

     =================== HUBBARD OCCUPATIONS ===================
     ------------------------ ATOM    1 ------------------------
     Tr[ns(  1)] (up, down, total) =   4.60123  1.59061  6.19184
     Atomic magnetic moment for atom   1 =   3.01062
     SPIN  1
     eigenvalues:
       0.910  0.910  0.925  0.928  0.928
     eigenvectors (columns):
      -0.992  0.114 -0.000 -0.008  0.048
       0.016 -0.036 -0.577 -0.766  0.281
       0.024  0.032 -0.577  0.626  0.522
       0.114  0.992 -0.000 -0.048 -0.008
       0.039 -0.004  0.577 -0.139  0.804
     occupation matrix ns (before diag.):
       0.910  0.000  0.000  0.000  0.001
       0.000  0.927 -0.001  0.001  0.001
       0.000 -0.001  0.927 -0.001  0.001
       0.000  0.001 -0.001  0.910 -0.000
       0.001  0.001  0.001 -0.000  0.927
     SPIN  2
     eigenvalues:
       0.260  0.260  0.331  0.370  0.370
     eigenvectors (columns):
      -0.911 -0.001  0.001 -0.358 -0.206
      -0.169  0.292 -0.578  0.643 -0.373
      -0.168 -0.292 -0.578  0.000  0.743
      -0.001  0.911 -0.000 -0.206  0.358
      -0.337 -0.000  0.577  0.645  0.371
     occupation matrix ns (before diag.):
       0.279 -0.017 -0.017 -0.000 -0.034
      -0.017  0.344 -0.007 -0.029  0.006
      -0.017 -0.007  0.344  0.029  0.007
      -0.000 -0.029  0.029  0.279  0.000
      -0.034  0.006  0.007  0.000  0.344
     ------------------------ ATOM    2 ------------------------
     Tr[ns(  2)] (up, down, total) =   1.57574  4.60313  6.17886
     Atomic magnetic moment for atom   2 =  -3.02739
     SPIN  1
     eigenvalues:
       0.260  0.260  0.321  0.368  0.368
     eigenvectors (columns):
      -0.890  0.211  0.001 -0.404 -0.020
      -0.227 -0.240 -0.578  0.340  0.664
      -0.095  0.316 -0.577  0.405 -0.628
      -0.211 -0.890  0.001  0.020 -0.404
      -0.321  0.076  0.577  0.746  0.038
     occupation matrix ns (before diag.):
       0.277 -0.016 -0.016  0.000 -0.033
      -0.016  0.340 -0.010 -0.028  0.010
      -0.016 -0.010  0.340  0.028  0.010
       0.000 -0.028  0.028  0.277 -0.000
      -0.033  0.010  0.010 -0.000  0.340
     SPIN  2
     eigenvalues:
       0.910  0.910  0.925  0.929  0.929
     eigenvectors (columns):
       0.555 -0.830 -0.000  0.026 -0.054
       0.021  0.043 -0.577 -0.461 -0.672
      -0.048 -0.003 -0.577  0.813 -0.063
      -0.830 -0.555  0.000 -0.054 -0.026
      -0.027  0.040  0.577  0.351 -0.735
     occupation matrix ns (before diag.):
       0.910  0.000  0.000  0.000  0.001
       0.000  0.927 -0.001  0.001  0.001
       0.000 -0.001  0.927 -0.001  0.001
       0.000  0.001 -0.001  0.910  0.000
       0.001  0.001  0.001  0.000  0.927

     Number of occupied Hubbard levels =   12.3707

     HUBBARD ENERGY =    0.0000  (Ry)

     total cpu time spent up to now is       17.8 secs

     total energy              =    -551.94069132 Ry
     estimated scf accuracy    <       0.00228051 Ry

     total magnetization       =    -0.02 Bohr mag/cell
     absolute magnetization    =     6.87 Bohr mag/cell

     iteration #  7     ecut=    30.00 Ry     beta= 0.40
     Davidson diagonalization with overlap

---- Real-time Memory Report at c_bands before calling an iterative solver
            87 MiB given to the printing process from OS
             0 MiB allocation reported by mallinfo(arena+hblkhd)
           286 MiB available memory on the node where the printing process lives
------------------
     ethr =  5.18E-06,  avg # of iterations =  4.3

     =================== HUBBARD OCCUPATIONS ===================
     ------------------------ ATOM    1 ------------------------
     Tr[ns(  1)] (up, down, total) =   4.60100  1.60504  6.20604
     Atomic magnetic moment for atom   1 =   2.99596
     SPIN  1
     eigenvalues:
       0.909  0.909  0.926  0.929  0.929
     eigenvectors (columns):
      -0.116  0.991 -0.000 -0.011  0.059
      -0.039 -0.029 -0.577  0.623  0.526
       0.045 -0.019 -0.577 -0.767  0.276
       0.991  0.116  0.000  0.059  0.011
       0.006 -0.049  0.578 -0.144  0.802
     occupation matrix ns (before diag.):
       0.909  0.000  0.000 -0.000  0.001
       0.000  0.928 -0.001  0.001  0.001
       0.000 -0.001  0.928 -0.001  0.001
      -0.000  0.001 -0.001  0.909 -0.000
       0.001  0.001  0.001 -0.000  0.928
     SPIN  2
     eigenvalues:
       0.264  0.264  0.334  0.371  0.372
     eigenvectors (columns):
       0.904  0.041  0.000 -0.425 -0.021
       0.160  0.308 -0.578  0.337  0.657
       0.187 -0.293 -0.577  0.400 -0.621
      -0.041  0.904  0.000  0.021 -0.425
       0.347  0.015  0.577  0.738  0.037
     occupation matrix ns (before diag.):
       0.284 -0.017 -0.017 -0.000 -0.034
      -0.017  0.346 -0.006 -0.029  0.006
      -0.017 -0.006  0.346  0.029  0.006
      -0.000 -0.029  0.029  0.284  0.000
      -0.034  0.006  0.006  0.000  0.346
     ------------------------ ATOM    2 ------------------------
     Tr[ns(  2)] (up, down, total) =   1.61037  4.60279  6.21317
     Atomic magnetic moment for atom   2 =  -2.99242
     SPIN  1
     eigenvalues:
       0.265  0.265  0.337  0.372  0.372
     eigenvectors (columns):
       0.873  0.231  0.000 -0.412 -0.117
       0.247 -0.248 -0.578  0.530 -0.513
       0.091  0.337 -0.577  0.179  0.716
       0.231 -0.874  0.000 -0.117  0.412
       0.338  0.090  0.577  0.710  0.202
     occupation matrix ns (before diag.):
       0.284 -0.017 -0.017 -0.000 -0.034
      -0.017  0.347 -0.005 -0.029  0.005
      -0.017 -0.005  0.347  0.029  0.005
      -0.000 -0.029  0.029  0.284 -0.000
      -0.034  0.005  0.005 -0.000  0.347
     SPIN  2
     eigenvalues:
       0.910  0.910  0.926  0.929  0.929
     eigenvectors (columns):
       0.113 -0.992 -0.000  0.012 -0.059
       0.040  0.029 -0.577 -0.612 -0.539
      -0.045  0.020 -0.577  0.772 -0.260
      -0.992 -0.113  0.000 -0.059 -0.012
      -0.006  0.049  0.578  0.161 -0.799
     occupation matrix ns (before diag.):
       0.910  0.000  0.000  0.000  0.001
       0.000  0.928 -0.001  0.001  0.001
       0.000 -0.001  0.928 -0.001  0.001
       0.000  0.001 -0.001  0.910  0.000
       0.001  0.001  0.001  0.000  0.928

     Number of occupied Hubbard levels =   12.4192

     HUBBARD ENERGY =    0.0000  (Ry)

     total cpu time spent up to now is       20.5 secs

     total energy              =    -551.94125408 Ry
     estimated scf accuracy    <       0.00079956 Ry

     total magnetization       =     0.00 Bohr mag/cell
     absolute magnetization    =     6.82 Bohr mag/cell

     iteration #  8     ecut=    30.00 Ry     beta= 0.40
     Davidson diagonalization with overlap

---- Real-time Memory Report at c_bands before calling an iterative solver
            88 MiB given to the printing process from OS
             0 MiB allocation reported by mallinfo(arena+hblkhd)
           287 MiB available memory on the node where the printing process lives
------------------
     ethr =  1.82E-06,  avg # of iterations =  2.0

     =================== HUBBARD OCCUPATIONS ===================
     ------------------------ ATOM    1 ------------------------
     Tr[ns(  1)] (up, down, total) =   4.59614  1.60349  6.19963
     Atomic magnetic moment for atom   1 =   2.99265
     SPIN  1
     eigenvalues:
       0.907  0.907  0.925  0.928  0.928
     eigenvectors (columns):
       0.231  0.971 -0.000 -0.013  0.058
